26936926
26927658
26568413
26327811
26265550
26188505
26017776
25934796
25932638
25611373
25597958
25498861
25482277
25263096
25187386
25186836
25027624
24904669
24613680
24390235
24337574
24281018
24223948
24202382
24097189
24094970
23936078
23792593
23772393
23672007
23437386
23415676
23343768
23154143
23087238
23046908
23001445
22923437
22819822
22711815
22609236
22384443
22322670
22297174
20735994
20623358
20544419
20395208
19940440
19900510
19803437
19398494
19331798
19277990
19158277
19070373
17967451
17608629
17239640
16595739
16569452
16253368
16216424
15798026
15075239
12819390
12466543
10943555
10641716
9571190
9434172
9422546
9151692
